wf_id,start_time,finish_time,exec_time,wf_type
55,0,12,12,j_293
163,2,12,10,j_293
164,2,12,10,j_293
106,1,13,12,j_293
227,3,13,10,j_293
228,3,13,10,j_293
219,3,14,11,j_293
60,0,14,14,j_293
274,4,14,10,j_293
24,0,15,15,j_293
27,0,15,15,j_293
28,0,15,15,j_293
29,0,15,15,j_293
98,1,15,14,j_293
265,4,15,11,j_293
272,4,15,11,j_293
335,5,15,10,j_293
396,6,15,9,j_293
21,0,16,16,j_293
78,1,16,15,j_293
450,7,16,9,j_293
339,5,16,11,j_293
341,5,16,11,j_293
406,6,16,10,j_293
121,2,17,15,j_293
125,2,17,15,j_293
458,7,17,10,j_293
150,2,18,16,j_293
257,4,18,14,j_293
502,8,18,10,j_293
549,9,18,9,j_293
508,8,18,10,j_293
243,4,19,15,j_293
91,1,19,18,j_293
93,1,19,18,j_293
94,1,19,18,j_293
143,2,19,17,j_293
320,5,19,14,j_293
298,5,20,15,j_293
300,5,20,15,j_293
302,5,20,15,j_293
304,5,20,15,j_293
305,5,20,15,j_293
39,0,20,20,j_293
197,3,20,17,j_293
199,3,20,17,j_293
203,3,20,17,j_293
252,4,20,16,j_293
212,3,20,17,j_293
217,3,20,17,j_293
8,0,21,21,j_293
11,0,21,21,j_293
356,6,21,15,j_293
359,6,21,15,j_293
364,6,21,15,j_293
31,0,22,22,j_293
32,0,22,22,j_293
33,0,22,22,j_293
35,0,22,22,j_293
330,5,22,17,j_293
386,6,22,16,j_293
104,1,22,21,j_66
10,0,23,23,j_66
175,3,23,20,j_293
77,1,23,22,j_66
472,8,23,15,j_293
473,8,23,15,j_293
474,8,23,15,j_293
30,0,23,23,j_66
434,7,23,16,j_293
435,7,23,16,j_293
439,7,23,16,j_293
440,7,23,16,j_293
42,0,23,23,j_66
500,8,23,15,j_293
159,2,23,21,j_66
68,1,24,23,j_66
71,1,24,23,j_66
238,4,24,20,j_293
123,2,24,22,j_66
521,9,24,15,j_293
85,1,24,23,j_66
426,7,24,17,j_293
427,7,24,17,j_293
525,9,24,15,j_293
136,2,24,22,j_293
38,0,24,24,j_66
97,1,24,23,j_66
43,0,24,24,j_66
50,0,24,24,j_66
498,8,24,16,j_293
54,0,24,24,j_79
218,3,24,21,j_66
160,2,24,22,j_66
166,2,24,22,j_66
225,3,24,21,j_79
232,4,25,21,j_293
118,2,25,23,j_66
286,5,25,20,j_293
181,3,25,22,j_66
183,3,25,22,j_66
185,3,25,22,j_66
127,2,25,23,j_66
130,2,25,23,j_66
147,2,25,23,j_66
539,9,25,16,j_293
101,1,25,24,j_66
102,1,25,24,j_66
103,1,25,24,j_79
273,4,25,21,j_66
224,3,25,22,j_66
226,3,25,22,j_66
229,3,25,22,j_66
5,0,26,26,j_66
114,2,26,24,j_293
284,5,26,21,j_293
348,6,26,20,j_293
349,6,26,20,j_293
189,3,26,23,j_66
190,3,26,23,j_66
191,3,26,23,j_66
36,0,26,26,j_66
139,2,26,24,j_66
141,2,26,24,j_66
142,2,26,24,j_66
44,0,26,26,j_79
46,0,26,26,j_79
47,0,26,26,j_79
48,0,26,26,j_79
333,5,26,21,j_66
334,5,26,21,j_66
336,5,26,21,j_66
463,8,27,19,j_293
292,5,27,22,j_66
295,5,27,22,j_66
88,1,27,26,j_66
89,1,27,26,j_66
255,4,27,23,j_66
209,3,27,24,j_66
210,3,27,24,j_66
211,3,27,24,j_66
156,2,27,25,j_79
158,2,27,25,j_79
398,6,27,21,j_79
399,6,27,21,j_79
117,2,28,26,j_66
515,9,28,19,j_293
285,5,28,23,j_66
288,5,28,23,j_66
467,8,28,20,j_293
468,8,28,20,j_293
469,8,28,20,j_293
76,1,28,27,j_79
303,5,28,23,j_66
306,5,28,23,j_66
132,2,28,26,j_66
372,6,28,22,j_293
140,2,28,26,j_79
144,2,28,26,j_79
323,5,28,23,j_66
152,2,28,26,j_79
258,4,28,24,j_66
259,4,28,24,j_66
394,6,28,22,j_66
342,5,28,23,j_66
347,6,29,23,j_66
350,6,29,23,j_66
518,9,29,20,j_293
18,0,29,29,j_79
122,2,29,27,j_79
360,6,29,23,j_66
417,7,29,22,j_66
420,7,29,22,j_66
34,0,29,29,j_79
194,3,29,26,j_66
196,3,29,26,j_66
430,7,29,22,j_293
431,7,29,22,j_293
200,3,29,26,j_79
314,5,29,24,j_66
256,4,29,25,j_79
377,6,29,23,j_66
380,6,29,23,j_79
382,6,29,23,j_79
392,6,29,23,j_79
400,6,29,23,j_79
401,6,29,23,j_79
402,6,29,23,j_79
403,6,29,23,j_79
509,8,29,21,j_79
230,4,30,26,j_66
234,4,30,26,j_66
475,8,30,22,j_66
81,1,30,29,j_79
82,1,30,29,j_79
83,1,30,29,j_79
248,4,30,26,j_66
201,3,30,27,j_79
202,3,30,27,j_79
204,3,30,27,j_79
375,6,30,24,j_66
321,5,30,25,j_79
327,5,30,25,j_79
443,7,30,23,j_79
385,6,30,24,j_66
387,6,30,24,j_66
393,6,30,24,j_79
452,7,30,23,j_79
457,7,30,23,j_66
276,5,31,26,j_66
277,5,31,26,j_66
14,0,31,31,j_79
466,8,31,23,j_66
129,2,31,29,j_79
312,5,31,26,j_66
318,5,31,26,j_79
262,4,31,27,j_79
264,4,31,27,j_79
391,6,31,25,j_79
449,7,31,24,j_66
506,8,31,23,j_79
460,7,31,24,j_79
511,8,31,23,j_66
520,9,32,23,j_66
291,5,32,27,j_79
187,3,32,29,j_79
530,9,32,23,j_66
195,3,32,29,j_79
374,6,32,26,j_66
438,7,32,25,j_79
490,8,32,24,j_66
444,7,32,25,j_66
541,9,32,23,j_79
542,9,32,23,j_79
543,9,32,23,j_79
548,9,32,23,j_79
555,9,32,23,j_66
407,7,33,26,j_66
368,6,33,27,j_66
491,8,33,25,j_79
493,8,33,25,j_79
494,8,33,25,j_66
497,8,33,25,j_66
501,8,33,25,j_79
547,9,33,24,j_66
461,8,34,26,j_66
462,8,34,26,j_66
172,3,34,31,j_79
177,3,34,31,j_79
418,7,34,27,j_79
301,5,34,29,j_79
307,5,34,29,j_79
309,5,34,29,j_79
482,8,34,26,j_66
485,8,34,26,j_66
488,8,34,26,j_79
470,8,35,27,j_79
373,6,35,29,j_79
538,9,35,26,j_79
116,2,36,34,j_79
289,5,36,31,j_79
290,5,36,31,j_79
422,7,36,29,j_79
428,7,36,29,j_79
432,7,36,29,j_79
353,6,37,31,j_79
486,8,37,29,j_79
112,1,37,36,j_230
414,7,38,31,j_79
531,9,38,29,j_79
281,5,39,34,j_79
26,0,39,39,j_230
343,6,40,34,j_79
6,0,40,40,j_293
20,0,40,40,j_230
79,1,40,39,j_230
59,0,40,40,j_230
62,0,40,40,j_230
63,0,40,40,j_230
275,4,40,36,j_230
128,2,41,39,j_230
362,6,41,35,j_230
96,1,41,40,j_230
105,1,41,40,j_230
110,1,41,40,j_230
464,8,42,34,j_79
19,0,42,42,j_230
84,1,42,41,j_230
188,3,42,39,j_230
425,7,42,35,j_230
148,2,42,40,j_230
151,2,42,40,j_230
205,3,42,39,j_230
207,3,42,39,j_230
161,2,42,40,j_230
165,2,42,40,j_230
246,4,43,39,j_230
126,2,44,42,j_230
182,3,44,41,j_230
184,3,44,41,j_230
186,3,44,41,j_230
239,4,44,40,j_230
367,6,44,38,j_230
424,7,44,37,j_230
526,9,44,35,j_230
41,0,44,44,j_230
266,4,44,40,j_230
267,4,44,40,j_230
268,4,44,40,j_230
504,8,44,36,j_230
507,8,44,36,j_230
455,7,44,37,j_230
456,7,44,37,j_230
65,1,45,44,j_230
66,1,45,44,j_230
247,4,45,41,j_230
361,6,45,39,j_230
479,8,45,37,j_230
325,5,45,40,j_230
326,5,45,40,j_230
214,3,45,42,j_230
215,3,45,42,j_230
216,3,45,42,j_230
337,5,45,40,j_230
338,5,45,40,j_230
397,6,45,39,j_230
404,6,45,39,j_230
378,6,46,40,j_230
381,6,46,40,j_230
383,6,46,40,j_230
52,0,46,46,j_230
261,4,46,42,j_230
328,5,46,41,j_230
329,5,46,41,j_230
459,7,46,39,j_230
524,9,47,38,j_230
37,0,47,47,j_66
388,6,47,41,j_230
389,6,47,41,j_230
390,6,47,41,j_230
9,0,48,48,j_230
13,0,48,48,j_230
138,2,48,46,j_230
146,2,48,46,j_230
554,9,48,39,j_230
556,9,48,39,j_230
3,0,49,49,j_230
7,0,49,49,j_230
476,8,49,41,j_230
496,8,49,41,j_230
499,8,49,41,j_230
354,6,50,44,j_230
545,9,50,41,j_230
115,2,51,49,j_230
168,3,51,48,j_230
137,2,51,49,j_230
536,9,51,42,j_230
537,9,51,42,j_230
410,7,52,45,j_230
411,7,52,45,j_230
412,7,52,45,j_230
193,3,52,49,j_230
371,6,52,46,j_230
332,5,52,47,j_230
512,9,53,44,j_230
516,9,53,44,j_230
429,7,53,46,j_230
433,7,53,46,j_230
346,6,54,48,j_230
250,4,54,50,j_230
483,8,54,46,j_230
532,9,55,46,j_230
533,9,55,46,j_230
484,8,56,48,j_230
315,5,73,68,j_230
16,0,83,83,j_230
23,0,634,634,j_49
363,6,635,629,j_49
365,6,635,629,j_49
366,6,635,629,j_49
369,6,635,629,j_49
154,2,636,634,j_49
53,0,636,636,j_49
56,0,636,636,j_49
58,0,636,636,j_49
477,8,637,629,j_49
478,8,637,629,j_49
213,3,637,634,j_49
107,1,637,636,j_49
109,1,637,636,j_49
64,1,638,637,j_49
67,1,638,637,j_49
528,9,638,629,j_49
529,9,638,629,j_49
263,4,638,634,j_49
155,2,638,636,j_49
113,2,639,637,j_49
244,4,639,635,j_49
198,3,639,636,j_49
331,5,639,634,j_49
169,3,640,637,j_49
170,3,640,637,j_49
90,1,640,639,j_49
251,4,640,636,j_49
153,2,640,638,j_49
231,4,641,637,j_49
316,5,641,636,j_49
446,7,641,634,j_49
447,7,641,634,j_49
2,0,642,642,j_49
278,5,642,637,j_49
279,5,642,637,j_49
280,5,642,637,j_49
282,5,642,637,j_49
100,1,642,641,j_49
111,1,642,641,j_49
162,2,642,640,j_49
344,6,643,637,j_49
436,7,643,636,j_49
546,9,643,634,j_49
451,7,643,636,j_49
453,7,643,636,j_49
405,6,643,637,j_49
120,2,644,642,j_49
124,2,644,642,j_49
206,3,644,641,j_49
17,0,645,645,j_49
40,0,645,645,j_49
254,4,645,641,j_49
510,8,645,637,j_49
513,9,646,637,j_49
514,9,646,637,j_49
240,4,646,642,j_49
322,5,646,641,j_49
379,6,647,641,j_49
552,9,647,638,j_49
355,6,648,642,j_49
358,6,648,642,j_49
441,7,648,641,j_49
442,7,648,641,j_49
445,7,648,641,j_49
419,7,649,642,j_49
553,9,649,640,j_49
540,9,650,641,j_49
51,0,650,650,j_49
1,0,652,652,j_49
72,1,652,651,j_49
73,1,652,651,j_49
74,1,652,651,j_49
75,1,652,651,j_49
296,5,652,647,j_49
471,8,652,644,j_49
551,9,652,643,j_49
119,2,653,651,j_49
249,4,653,649,j_49
174,3,654,651,j_49
178,3,654,651,j_49
70,1,657,656,j_49
351,6,657,651,j_49
480,8,657,649,j_49
481,8,657,649,j_49
534,9,658,649,j_49
173,3,659,656,j_49
465,8,659,651,j_49
237,4,660,656,j_49
517,9,660,651,j_49
519,9,660,651,j_49
135,2,661,659,j_49
157,2,1272,1270,j_783
220,3,1273,1270,j_783
221,3,1273,1270,j_783
222,3,1273,1270,j_783
269,4,1274,1270,j_783
270,4,1274,1270,j_783
271,4,1274,1270,j_783
395,6,1276,1270,j_783
454,7,1277,1270,j_783
503,8,1278,1270,j_783
505,8,1278,1270,j_783
550,9,1279,1270,j_783
61,0,1280,1280,j_783
223,3,1280,1277,j_783
340,5,1282,1277,j_783
80,1,1283,1282,j_783
131,2,1284,1282,j_783
99,1,1284,1283,j_783
149,2,1285,1283,j_783
245,4,1286,1282,j_783
208,3,1286,1283,j_783
299,5,1287,1282,j_783
308,5,1287,1282,j_783
324,5,1288,1283,j_783
233,4,1289,1285,j_783
49,0,1289,1289,j_783
167,3,1290,1287,j_783
283,5,1290,1285,j_783
421,7,1290,1283,j_783
423,7,1290,1283,j_783
384,6,1290,1284,j_783
345,6,1291,1285,j_783
92,1,1291,1290,j_783
95,1,1291,1290,j_783
408,7,1292,1285,j_783
145,2,1292,1290,j_783
495,8,1292,1284,j_783
57,0,1292,1292,j_783
527,9,1293,1284,j_783
544,9,1293,1284,j_783
260,4,1293,1289,j_783
409,7,1294,1287,j_783
253,4,1294,1290,j_783
108,1,1294,1293,j_783
4,0,1295,1295,j_783
179,3,1295,1292,j_783
180,3,1295,1292,j_783
317,5,1295,1290,j_783
319,5,1295,1290,j_783
241,4,1296,1292,j_783
242,4,1296,1292,j_783
376,6,1296,1290,j_783
448,7,1296,1289,j_783
293,5,1297,1292,j_783
294,5,1297,1292,j_783
297,5,1297,1292,j_783
437,7,1297,1290,j_783
492,8,1297,1289,j_783
357,6,1298,1292,j_783
489,8,1298,1290,j_783
69,1,1299,1298,j_783
171,3,1301,1298,j_783
176,3,1301,1298,j_783
235,4,1302,1298,j_783
236,4,1302,1298,j_783
287,5,1302,1297,j_783
352,6,1303,1297,j_783
25,0,1303,1303,j_783
12,0,1307,1307,j_783
0,0,1309,1309,j_783
45,0,1309,1309,j_783
522,9,1312,1303,j_783
523,9,1312,1303,j_783
22,0,1313,1313,j_783
413,7,1315,1308,j_783
415,7,1315,1308,j_783
416,7,1315,1308,j_783
86,1,1317,1316,j_783
87,1,1317,1316,j_783
15,0,1318,1318,j_783
133,2,1318,1316,j_783
134,2,1318,1316,j_783
192,3,1319,1316,j_783
310,5,1321,1316,j_783
311,5,1321,1316,j_783
313,5,1321,1316,j_783
370,6,1322,1316,j_783
487,8,1324,1316,j_783
535,9,1325,1316,j_783
